image_width: 1280
image_height: 1024
camera_name: mv_camera
camera_matrix:
  rows: 3
  cols: 3
  data: [1468.204608, 0.000000, 740.807715, 0.000000, 1469.417786, 484.256895, 0.000000, 0.000000, 1.000000]
distortion_model: plumb_bob
distortion_coefficients:
  rows: 1
  cols: 5
  data: [0.057470, 0.163302, -0.004514, 0.028646, 0.000000]
rectification_matrix:
  rows: 3
  cols: 3
  data: [1.000000, 0.000000, 0.000000, 0.000000, 1.000000, 0.000000, 0.000000, 0.000000, 1.000000]
projection_matrix:
  rows: 3
  cols: 4
  data: [1499.581787, 0.000000, 760.051684, 0.000000, 0.000000, 1529.002808, 481.630139, 0.000000, 0.000000, 0.000000, 1.000000, 0.000000]
